/*--------------------------------*- C++ -*----------------------------------*\
  =========                 |
  \\      /  F ield         | OpenFOAM: The Open Source CFD Toolbox
   \\    /   O peration     | Website:  https://openfoam.org
    \\  /    A nd           | Version:  11
     \\/     M anipulation  |
\*---------------------------------------------------------------------------*/
FoamFile
{
    format      binary;
    class       faceSet;
    location    "constant/polyMesh/sets";
    object      nonOrthoFaces;
}
// * * * * * * * * * * * * * * * * * * * * * * * * * * * * * * * * * * * * * //


208
(
1738911 
1674314 
1680401 
1320485 
1320817 
1320873 
1649184 
1649189 
1649194 
1649196 
1649201 
1649203 
1649205 
1649206 
1649210 
1649211 
1649212 
1649215 
1649218 
1649219 
1649223 
1649225 
1649227 
1649231 
1649232 
1649238 
1321769 
1321772 
1649497 
1649501 
1651107 
1651109 
1651115 
1651119 
1651121 
1651123 
1651125 
1651126 
1651128 
1651130 
1651133 
1651135 
1651137 
1651138 
1651142 
1651144 
1651145 
1651148 
1651155 
1651159 
1653025 
1653029 
1653033 
1653034 
1653037 
1653039 
1653040 
1653042 
1653044 
1653047 
1653049 
1653051 
1653052 
1653054 
1653058 
1653059 
1653062 
1653065 
1653067 
1653071 
1653072 
1653079 
1653338 
1653343 
1752526 
1654945 
1654949 
1654955 
1654956 
1654957 
1654960 
1654965 
1654967 
1654968 
1654971 
1654972 
1654974 
1654977 
1654978 
1654980 
1654986 
1654989 
1654995 
1654996 
1656870 
1656887 
1657069 
1657073 
1657075 
1657077 
1657079 
1657083 
1657180 
1657184 
1657354 
1657462 
1657466 
1657467 
1657470 
1657731 
1657732 
1657741 
1657750 
1657755 
1657759 
1657761 
1657774 
1657779 
1657783 
1657831 
1657858 
1657871 
1657874 
1658034 
1658039 
1658134 
1658136 
1658137 
1658141 
1658219 
1658223 
1658626 
1658629 
1658691 
1658692 
1658701 
1658708 
1658712 
1658717 
1658721 
1658724 
1658733 
1658738 
1658741 
1658790 
1658818 
1658988 
1658993 
1658999 
1659003 
1659007 
1659010 
1659015 
1659018 
1659095 
1659099 
1659115 
1659119 
1659383 
1659386 
1659388 
1659392 
1659648 
1659653 
1659663 
1659670 
1659674 
1659679 
1659680 
1659687 
1659691 
1659692 
1659697 
1659703 
1659963 
1659967 
1660042 
1660046 
1660048 
1660051 
1660053 
1660055 
1660058 
1660059 
1660060 
1660063 
1660064 
1660067 
1660071 
1660163 
1660166 
1660539 
1660543 
1660609 
1660614 
1660617 
1660630 
1660633 
1660638 
1660640 
1660648 
1660659 
1660660 
1663147 
1402666 
1404641 
1339861 
1339862 
)

// ************************************************************************* //
